1D_sphere SNR
133 0.0 900.0 1
26.56
1.413338566070620418e+08 9.312866941015068883e-11 3.228412368537600851e+05 1.000000000000000000e+00
1.466030577766865790e+08 8.749595562851233389e-11 3.213468260352616198e+05 1.000000000000000000e+00
1.520687050182749331e+08 8.590496813395553529e-11 3.207858523851208156e+05 1.000000000000000000e+00
1.577381222236179411e+08 8.336168568825794900e-11 3.203390011079893447e+05 1.000000000000000000e+00
1.636189063334427476e+08 8.126059724063378196e-11 3.198977915857260814e+05 1.000000000000000000e+00
1.697189375172078609e+08 7.912378969306455007e-11 3.194815979993282817e+05 1.000000000000000000e+00
1.760463897324217856e+08 7.736113179083892846e-11 3.191293639836602379e+05 1.000000000000000000e+00
1.826097416776334643e+08 7.709315724484412576e-11 3.187928695847488125e+05 1.000000000000000000e+00
1.894177881537709236e+08 7.744808644245407091e-11 3.184867736397471745e+05 1.000000000000000000e+00
1.964796518490524888e+08 7.825187730853094230e-11 3.181772421963710804e+05 1.000000000000000000e+00
2.038047955632635057e+08 8.206315742781408298e-11 3.178821499327009078e+05 1.000000000000000000e+00
2.114030348877775371e+08 8.729870003233780936e-11 3.176748414550860762e+05 1.000000000000000000e+00
2.192845513583129942e+08 8.923938345352735474e-11 3.174460323458795901e+05 1.000000000000000000e+00
2.274599060980497301e+08 8.971714887861466075e-11 3.172311810735906474e+05 1.000000000000000000e+00
2.359400539693886638e+08 9.101087095725006163e-11 3.170218665227674646e+05 1.000000000000000000e+00
2.447363582533165216e+08 9.227179566653199557e-11 3.168418925545550883e+05 1.000000000000000000e+00
2.538606058760449290e+08 9.443450358852371476e-11 3.167416938641418819e+05 1.000000000000000000e+00
2.633250232033282518e+08 9.621082741495651360e-11 3.166810800420527230e+05 1.000000000000000000e+00
2.731422924236250520e+08 9.856891682668370614e-11 3.165997177727110684e+05 1.000000000000000000e+00
2.833255685420560837e+08 1.020889459011983864e-10 3.165865027543539763e+05 1.000000000000000000e+00
2.938884970079290271e+08 1.071695189011994960e-10 3.166274847046307987e+05 1.000000000000000000e+00
3.048452319994511008e+08 1.114224785148968321e-10 3.166647502817311324e+05 1.000000000000000000e+00
3.162104553901336193e+08 1.150927313434251178e-10 3.167096449368782924e+05 1.000000000000000000e+00
3.279993964222990274e+08 1.223612501188064415e-10 3.168903274054236826e+05 1.000000000000000000e+00
3.402278521140553355e+08 1.333114589820780966e-10 3.170966474775518873e+05 1.000000000000000000e+00
3.529122084270820618e+08 1.536705646362815574e-10 3.174283262461504783e+05 1.000000000000000000e+00
3.660694622235925198e+08 1.694388947889119092e-10 3.177326581515466678e+05 1.000000000000000000e+00
3.797172440418944359e+08 1.813464242368444047e-10 3.180286595117385732e+05 1.000000000000000000e+00
3.938738417210676670e+08 2.040305899203643337e-10 3.184398456639955984e+05 1.000000000000000000e+00
4.085582249064157009e+08 2.301006968056265865e-10 3.188914636735733366e+05 1.000000000000000000e+00
4.237900704685286283e+08 2.919668450690898297e-10 3.197323255395174492e+05 1.000000000000000000e+00
4.395897888700176477e+08 3.431894154699320702e-10 3.204544381215111353e+05 1.000000000000000000e+00
4.559785515152530074e+08 4.075779250349017621e-10 3.212977442439208971e+05 1.000000000000000000e+00
4.729783191197534204e+08 5.217609182171986455e-10 3.226258198351914180e+05 1.000000000000000000e+00
4.906118711372414231e+08 6.708003294956137190e-10 3.242470661360097583e+05 1.000000000000000000e+00
5.089028362837966084e+08 9.743792870136908814e-10 3.272726466650827788e+05 1.000000000000000000e+00
5.278757242000088096e+08 1.532724238680594319e-09 3.324197275066918810e+05 1.000000000000000000e+00
5.475559582935576439e+08 3.091101701865263258e-09 3.454522531803231104e+05 1.000000000000000000e+00
5.679699098062279224e+08 5.302574582863869632e-09 3.616598070488015073e+05 1.000000000000000000e+00
5.891449331510090828e+08 9.879493760360307851e-09 3.895228655350833433e+05 1.000000000000000000e+00
6.111094025666303635e+08 2.229803410240164430e-08 4.446079942732171039e+05 1.000000000000000000e+00
6.338927501386495829e+08 4.376677143590566775e-08 5.084293021155945025e+05 1.000000000000000000e+00
6.575255052380398512e+08 1.008722074579603684e-07 6.123786667491444387e+05 1.000000000000000000e+00
6.820393354301261902e+08 1.649077103636959797e-07 6.874269960531340912e+05 1.000000000000000000e+00
7.074670889086847305e+08 1.469894314345210416e-07 6.686538487706591841e+05 1.000000000000000000e+00
7.338428385120687485e+08 1.173139094146254748e-07 6.337182979086323176e+05 1.000000000000000000e+00
7.612019273803415298e+08 1.113959294992119775e-07 6.258900487247838173e+05 1.000000000000000000e+00
7.895810163145954609e+08 2.842190126484420520e-07 7.835849166042606812e+05 1.000000000000000000e+00
8.190181329019190073e+08 3.409017078940939047e-06 1.450086707906608935e+06 1.000000000000000000e+00
8.495527224718381166e+08 1.342924243915348322e-06 1.149684094513146905e+06 1.000000000000000000e+00
8.812257009525128603e+08 2.789248944489319498e-06 1.379253586783004459e+06 1.000000000000000000e+00
9.140795096975160837e+08 1.776424858748945488e-06 1.232513661334767705e+06 1.000000000000000000e+00
9.481581723566601276e+08 2.480844320177087775e-06 1.339465085311862873e+06 1.000000000000000000e+00
9.835073538670802116e+08 3.056152104302655846e-06 1.410950076106736902e+06 1.000000000000000000e+00
1.020174421643618464e+09 2.647948145330344264e-06 1.361299286808050936e+06 1.000000000000000000e+00
1.058208509050506234e+09 3.312616885733166311e-06 1.439463923664392438e+06 1.000000000000000000e+00
1.097660581239392281e+09 4.738756126800491596e-06 1.574018381551027298e+06 1.000000000000000000e+00
1.138583503441943169e+09 2.576371463086917804e-06 1.351739457912530517e+06 1.000000000000000000e+00
1.181032111808521986e+09 1.732410087714040077e-06 1.224208805448450148e+06 1.000000000000000000e+00
1.225063286887873650e+09 1.394292615471025847e-06 1.159618395729852840e+06 1.000000000000000000e+00
1.270736029846272945e+09 2.437013070725335384e-06 1.333020739711993607e+06 1.000000000000000000e+00
1.318111541528272629e+09 1.415836435718461806e-06 1.163921384514411446e+06 1.000000000000000000e+00
1.367253304464990139e+09 9.526352747919101025e-07 1.054276077691399259e+06 1.000000000000000000e+00
1.418227167939822197e+09 3.051149630639082265e-06 1.409899958993414883e+06 1.000000000000000000e+00
1.471101436225573301e+09 1.472087882751742523e-06 1.175138659798086621e+06 1.000000000000000000e+00
1.525946960111240149e+09 9.684619784642662293e-07 1.058430546089892043e+06 1.000000000000000000e+00
1.582837231841087580e+09 9.241634405286442966e-07 1.046100312408946920e+06 1.000000000000000000e+00
1.641848483593241930e+09 8.725281833501185988e-07 1.031154010154811782e+06 1.000000000000000000e+00
1.703059789629755974e+09 5.058392812742216965e-07 8.998976869806754403e+05 1.000000000000000000e+00
1.766553172255027771e+09 4.429805086512850128e-07 8.705914416560343234e+05 1.000000000000000000e+00
1.832413711724555969e+09 4.389017177597943513e-07 8.686162005964929704e+05 1.000000000000000000e+00
1.900729660251304626e+09 7.498683519273260370e-07 9.928588588361521251e+05 1.000000000000000000e+00
1.971592560262452126e+09 7.365437210980909165e-07 9.883930335849577095e+05 1.000000000000000000e+00
2.045097367064976931e+09 3.794420870039561883e-07 8.375430100506157614e+05 1.000000000000000000e+00
2.121342576084456921e+09 3.086357765297157901e-07 7.954675527879799483e+05 1.000000000000000000e+00
2.200430354847580910e+09 2.881581788070713778e-07 7.819517365337033989e+05 1.000000000000000000e+00
2.282466679885220051e+09 3.078316241169365901e-07 7.949329835534885060e+05 1.000000000000000000e+00
2.367561478739517689e+09 4.778671409981698087e-07 8.871464341359006939e+05 1.000000000000000000e+00
2.455828777265275002e+09 2.420279677433936366e-07 7.486529578251187922e+05 1.000000000000000000e+00
2.547386852423022270e+09 1.979732829740700612e-07 7.120765034391996451e+05 1.000000000000000000e+00
2.642358390768510818e+09 1.804600586353648280e-07 6.958355494715884561e+05 1.000000000000000000e+00
2.740870652851004601e+09 1.710493933851895643e-07 6.866193949399717385e+05 1.000000000000000000e+00
2.843055643740655422e+09 2.026015119168906425e-07 7.161608690185731975e+05 1.000000000000000000e+00
2.949050289913475990e+09 2.280783609423272192e-07 7.375794260602648137e+05 1.000000000000000000e+00
3.058996622730924129e+09 1.413046815759716984e-07 6.545943928659611847e+05 1.000000000000000000e+00
3.173041968759963989e+09 1.181780745689579251e-07 6.260781581374523230e+05 1.000000000000000000e+00
3.291339147188632965e+09 1.133023274376509912e-07 6.195148803051862633e+05 1.000000000000000000e+00
3.414046674601640224e+09 1.394771249379203223e-07 6.523896434134019073e+05 1.000000000000000000e+00
3.541328977390401840e+09 1.090958123335348328e-07 6.136725362727419706e+05 1.000000000000000000e+00
3.673356612082131863e+09 7.819328614379655752e-08 5.648187740412291605e+05 1.000000000000000000e+00
3.810306493883233547e+09 6.668450898867780015e-08 5.428486310864904663e+05 1.000000000000000000e+00
3.952362133743230343e+09 7.027186274665541161e-08 5.499592081554185133e+05 1.000000000000000000e+00
4.099713884256905079e+09 6.433509802827143011e-08 5.380363135633881902e+05 1.000000000000000000e+00
4.252559194734145164e+09 4.724069612769666385e-08 4.983088275167042739e+05 1.000000000000000000e+00
4.411102875779291153e+09 4.133744529869184977e-08 4.820776681399230729e+05 1.000000000000000000e+00
4.575557373734515190e+09 3.685247829154899676e-08 4.685310046627130941e+05 1.000000000000000000e+00
4.746143055354988098e+09 3.367257881707293959e-08 4.581437674690117128e+05 1.000000000000000000e+00
4.923088503097280502e+09 3.247657677652819856e-08 4.540141971693523810e+05 1.000000000000000000e+00
5.106630821416703224e+09 3.460956502082323350e-08 4.611817082577985129e+05 1.000000000000000000e+00
5.297015954483996391e+09 2.439603218893240535e-08 4.229105317068363656e+05 1.000000000000000000e+00
5.494499015747124672e+09 2.081211753995279455e-08 4.066555395342800766e+05 1.000000000000000000e+00
5.699344629779767990e+09 1.829934960176710549e-08 3.939560491682731081e+05 1.000000000000000000e+00
5.911827286874599457e+09 1.622951025577299669e-08 3.824647089032381773e+05 1.000000000000000000e+00
6.132231710856481552e+09 1.466453996211750682e-08 3.730249539825499523e+05 1.000000000000000000e+00
6.360853240608460426e+09 1.288160348828808716e-08 3.613347622836240917e+05 1.000000000000000000e+00
6.597998225821783066e+09 1.039864816832381132e-08 3.429447758734848467e+05 1.000000000000000000e+00
6.843984437500260353e+09 8.555487706654942119e-09 3.270944767104769708e+05 1.000000000000000000e+00
7.099141493769014359e+09 7.146115554933064834e-09 3.131695615460335393e+05 1.000000000000000000e+00
7.363811301558213234e+09 5.945625659323060589e-09 2.996272121228838805e+05 1.000000000000000000e+00
7.638348514753637314e+09 4.898597868633818826e-09 2.860672627890179865e+05 1.000000000000000000e+00
7.923121009427982330e+09 3.917974650179644707e-09 2.712871928857853636e+05 1.000000000000000000e+00
8.218510376789715767e+09 3.062777303943120776e-09 2.559608731011643831e+05 1.000000000000000000e+00
8.524912434510027885e+09 2.356475207884200286e-09 2.408009694723697321e+05 1.000000000000000000e+00
8.842737757113033295e+09 1.857524808289171844e-09 2.275480345191141823e+05 1.000000000000000000e+00
9.172412226139968872e+09 1.262765917422281455e-09 2.070157995527633757e+05 1.000000000000000000e+00
9.514377600824577332e+09 5.247351532904610881e-10 1.702643400351170858e+05 1.000000000000000000e+00
9.869092110044363022e+09 2.417049127813490630e-10 1.445253257951010601e+05 1.000000000000000000e+00
1.023703106634097481e+10 1.094698327222345193e-10 1.209055654976750957e+05 1.000000000000000000e+00
1.061868750283243179e+10 4.906976655147966543e-11 1.054780045732457947e+05 1.000000000000000000e+00
1.101457283387069702e+10 2.220910164676601147e-11 9.515653102466274868e+04 1.000000000000000000e+00
1.142521754032983971e+10 1.596631988784883566e-11 9.167659653397367219e+04 1.000000000000000000e+00
1.185117188044307518e+10 1.628197342413167876e-11 9.100654152832504769e+04 1.000000000000000000e+00
1.229300662714120865e+10 1.346995197555271851e-11 8.897075262042315444e+04 1.000000000000000000e+00
1.275131383288045311e+10 6.132618770231722483e-12 8.397556706289330032e+04 1.000000000000000000e+00
1.322670762298456573e+10 4.414186195810223188e-12 8.189459685890292167e+04 1.000000000000000000e+00
1.371982501856427956e+10 3.917497810390001771e-12 8.063305414461676264e+04 1.000000000000000000e+00
1.423132679011679840e+10 3.370145924824755854e-12 7.961962032610016468e+04 1.000000000000000000e+00
1.476189834294912529e+10 3.732273593789392521e-12 7.871908529260929208e+04 1.000000000000000000e+00
1.531225063561174011e+10 2.657392500580953095e-12 7.581315293553618540e+04 1.000000000000000000e+00
1.588312113257317734e+10 1.694815082407490865e-12 7.236343247084025643e+04 1.000000000000000000e+00
1.647527479241223335e+10 9.321166148057830564e-13 6.833151382681968971e+04 1.000000000000000000e+00
1.708950509285196877e+10 6.266904314924509340e-13 6.486472448065081699e+04 1.000000000000000000e+00
1.772663509400882339e+10 4.243561551349117373e-13 6.168682751849658234e+04 1.000000000000000000e+00
